C
C
A 2 3 2
A 2 1 0
D 0 0 2 0 2 0 0 0 0 0 0 0 0 0 0 0 0 0
A 2 1 2
D 4 0 4 0 0 0 2 0 0 0 0 0 0 0 0 0 0 0
A 2 3 0
D 8 0 4 0 0 0 4 0 0 0 0 0 0 0 0 0 0 0
A 2 1 2
D 16 0 8 0 2 0 0 0 0 0 0 0 0 0 0 0 0 0
A 2 2 2
D 20 0 8 0 4 0 0 0 0 0 0 0 0 0 0 0 0 0
A 2 3 1
D 20 0 8 4 0 0 0 0 0 0 0 0 0 0 2 0 0 0
A 2 0 3
D 20 0 0 8 4 2 0 0 0 0 0 0 0 0 0 0 0 2
A 2 2 0
D 24 0 2 8 4 4 0 0 0 0 0 0 0 0 0 0 0 0
A 2 2 0
D 32 0 0 2 8 8 0 0 0 0 0 0 0 2 0 0 0 0
A 2 3 0
D 48 0 0 0 2 16 0 0 0 0 0 0 0 2 0 0 0 2
A 4 2 2
D 52 0 0 0 2 16 0 0 4 4 0 0 0 0 0 0 0 0
A 2 3 3
D 60 0 2 16 0 0 8 0 0 0 0 0 0 0 2 0 0 0
A 2 1 3
D 60 0 2 16 0 2 8 0 0 0 2 0 0 0 0 0 0 0
A 2 2 1
D 60 0 2 16 0 2 8 2 0 0 2 0 0 0 0 0 0 0
A 2 2 1
D 64 0 0 2 16 2 0 0 8 2 0 0 0 4 0 0 0 0
A 2 2 1
D 72 0 0 4 16 4 0 0 8 4 0 0 0 0 0 0 0 0
A 2 3 3
D 72 0 4 16 4 0 8 4 0 0 0 0 0 0 2 0 0 0
A 2 0 3
D 72 0 4 16 4 2 8 4 0 0 2 0 0 0 0 0 0 0
A 2 2 3
D 76 0 4 16 4 2 0 0 8 4 0 0 0 4 0 0 0 0
A 2 3 1
D 84 0 4 16 4 2 0 2 8 8 0 0 0 0 0 0 0 0
A 2 2 3
C
A 2 0 3
A 4 1 2
D 0 0 0 0 4 2 0 0 0 0 0 0 0 0 0 0 0 0
A 2 3 3
D 4 0 0 0 4 4 0 0 0 0 0 0 0 0 0 0 0 0
A 4 1 1
D 12 0 0 0 0 8 0 0 0 4 0 0 0 0 0 0 0 0
A 2 0 2
D 12 0 2 8 0 0 4 0 0 0 0 0 0 0 0 0 0 0
A 2 3 3
D 12 0 2 8 0 2 4 0 0 0 0 0 0 0 0 0 0 0
A 2 3 1
D 12 0 0 2 8 2 0 0 0 4 0 0 0 0 0 0 0 2
A 2 2 0
D 12 0 2 2 8 2 0 0 0 4 0 0 0 2 0 0 0 0
A 2 1 2
D 16 0 4 8 2 0 2 4 0 0 2 0 0 0 0 0 0 0
A 2 2 3
D 20 0 4 8 2 2 4 4 0 0 0 0 0 0 0 0 0 0
A 2 1 3
D 32 0 8 8 2 4 0 4 0 0 0 0 0 0 0 0 0 0
A 2 2 3
D 48 0 16 2 4 0 4 0 0 0 2 0 0 0 0 0 0 0
A 2 2 1
D 52 0 0 16 2 4 0 0 0 4 0 0 0 4 0 0 0 0
A 2 3 3
D 60 0 0 16 2 8 0 0 0 4 0 0 0 2 0 0 0 0
A 2 3 3
D 64 0 0 16 2 8 0 0 0 4 0 0 0 4 0 0 0 0
A 4 3 1
D 72 0 0 16 2 8 0 4 0 8 0 0 0 0 0 0 0 0
A 2 3 1
D 88 0 0 16 2 16 0 4 0 0 0 2 0 0 0 0 0 0
A 2 3 0
D 88 0 0 16 2 16 0 0 0 4 0 0 0 2 0 0 0 2
A 2 2 1
D 92 0 0 16 2 16 0 2 0 4 0 0 0 4 0 0 0 0
A 2 3 3
D 100 0 0 16 2 16 0 2 0 8 0 0 0 2 0 0 0 0
A 4 2 1
D 100 0 16 2 16 0 2 8 0 0 4 2 0 0 0 0 0 0
A 2 3 0
D 100 0 0 16 2 16 0 0 2 8 0 0 4 2 0 0 0 2
A 2 0 0
D 108 0 2 16 4 16 0 0 4 8 0 0 0 4 0 0 0 0
A 2 3 3
D 108 0 2 16 4 16 4 8 0 0 4 0 0 0 2 0 0 0
A 2 1 2
D 116 0 2 16 4 16 8 8 2 0 2 0 0 0 0 0 0 0
A 2 2 3
D 136 0 2 16 4 16 16 2 0 0 4 0 0 0 0 0 0 0
A 2 3 2
D 136 0 2 16 4 16 0 0 16 2 0 0 0 4 0 0 0 2
A 2 1 0
D 140 0 4 16 4 16 0 0 16 2 0 0 0 4 0 0 0 2
A 2 3 2
D 144 0 4 16 4 16 16 2 0 0 4 0 0 0 4 0 0 0
A 2 1 2
D 152 0 4 16 4 16 16 2 2 0 8 0 0 0 0 0 0 0
A 2 3 2
D 156 0 4 16 4 16 0 0 16 4 0 0 0 8 0 0 0 2
A 2 3 0
D 156 0 4 16 4 16 2 0 16 4 0 0 0 8 0 0 0 2
A 2 2 1
D 156 0 4 16 4 16 2 16 4 0 2 8 0 0 2 0 0 0
A 2 3 1
D 200 0 4 32 8 16 4 8 0 0 2 2 0 0 0 0 0 0
A 2 2 3
D 208 0 8 32 8 16 2 8 0 2 0 2 0 0 0 0 0 0
A 4 2 0
D 208 0 8 32 8 16 0 2 8 2 0 0 4 2 0 0 0 0
A 2 2 1
D 232 0 8 32 16 16 0 4 4 4 0 0 0 0 0 0 0 0
A 2 2 3
D 272 0 0 8 32 32 0 0 4 8 0 0 0 2 0 0 0 0
A 2 1 1
D 336 0 8 64 0 0 2 4 8 0 2 0 0 0 0 0 0 0
A 2 2 1
D 340 0 8 64 8 0 4 4 0 0 0 2 0 0 0 0 0 0
A 2 3 3
D 348 0 0 8 64 8 0 0 0 8 0 0 0 2 0 0 0 2
A 2 1 2
D 368 0 0 8 64 16 0 0 2 4 0 0 0 0 0 0 0 0
A 2 0 0
D 368 0 2 8 64 16 2 4 0 0 0 0 0 0 0 0 0 0
A 2 1 3
D 372 0 4 8 64 16 0 4 0 2 0 0 0 0 0 0 0 0
A 2 2 3
D 372 0 4 8 64 16 4 2 0 0 2 0 0 0 0 0 0 0
A 2 3 1
D 384 0 8 8 64 16 2 4 0 0 0 0 0 0 0 0 0 0
A 2 3 3
D 400 0 0 16 64 16 0 0 2 4 0 0 0 0 0 0 0 2
A 2 1 0
D 404 0 16 64 16 0 4 4 0 0 0 0 0 0 2 0 0 0
A 2 2 3
D 412 0 16 64 16 0 8 0 0 0 2 0 0 0 2 0 0 0
A 2 2 2
D 416 0 16 64 16 0 8 0 2 0 4 0 0 0 0 0 0 0
A 2 3 2
D 420 0 16 64 16 0 8 0 4 0 4 0 0 0 0 0 0 0
A 2 3 0
D 420 0 16 64 16 0 8 4 0 0 4 0 0 0 2 0 0 0
A 4 1 2
D 428 0 16 64 16 0 8 8 0 0 4 0 0 0 2 0 0 0
A 2 2 1
D 444 0 16 64 16 0 16 0 0 0 4 2 0 0 2 0 0 0
A 2 1 1
D 480 0 32 64 16 0 4 4 0 0 2 0 0 0 0 0 0 0
A 2 0 3
D 488 0 32 64 16 2 8 0 0 0 2 0 0 0 0 0 0 0
A 2 1 3
D 492 0 32 64 16 4 8 0 0 0 2 0 0 0 0 0 0 0
A 2 1 2
D 492 0 32 64 16 4 0 0 8 2 0 0 0 2 0 0 0 0
A 2 3 1
D 496 0 32 64 16 4 0 2 8 4 0 0 0 0 0 0 0 0
A 4 1 0
D 504 0 32 64 16 8 4 2 8 0 0 0 0 0 0 0 0 0
A 2 3 2
D 504 0 32 64 16 8 0 4 2 8 0 0 0 0 0 0 0 2
A 4 2 2
D 520 0 32 64 16 16 0 4 2 2 0 0 4 0 0 0 0 0
A 2 3 1
D 556 0 32 64 32 0 4 4 0 0 4 0 0 0 2 0 0 0
A 2 2 1
D 564 0 32 64 32 0 8 0 0 0 4 2 0 0 2 0 0 0
A 2 1 1
D 568 0 32 64 32 0 8 4 0 0 4 0 0 0 2 0 0 0
A 2 0 3
D 568 0 32 64 32 2 0 0 8 4 0 0 0 4 0 0 0 2
A 2 2 1
D 576 0 32 64 32 2 0 2 8 8 0 0 0 2 0 0 0 0
A 2 2 0
D 596 0 32 64 32 2 0 0 2 16 0 0 0 4 0 0 0 0
A 2 3 2
D 600 0 32 64 32 2 0 0 4 16 0 0 0 4 0 0 0 0
A 2 3 0
D 600 0 32 64 32 2 4 16 0 0 4 0 0 0 2 0 0 0
A 2 2 1
D 600 0 32 64 32 2 0 0 4 16 0 0 4 2 0 0 0 2
A 2 3 0
D 612 0 32 64 32 2 2 0 8 16 0 0 0 4 0 0 0 0
A 2 2 0
D 616 0 32 64 32 2 4 0 8 16 0 0 0 4 0 0 0 0
A 2 3 3
D 616 0 32 64 32 2 4 8 16 0 4 0 0 0 2 0 0 0
A 2 3 1
D 624 0 32 64 32 2 8 8 16 0 2 2 0 0 0 0 0 0
A 2 1 3
D 644 0 32 64 32 2 0 16 16 2 0 0 0 4 0 0 0 0
A 2 3 0
D 676 0 32 64 32 2 0 0 32 2 0 0 0 4 0 0 0 2
A 2 3 0
D 744 0 32 64 64 4 2 0 0 4 0 0 0 2 0 0 0 0
A 2 1 1
D 876 0 32 128 4 0 4 4 0 0 2 0 0 0 0 0 0 0
A 2 3 1
D 884 0 32 128 4 0 8 0 0 0 2 0 0 0 2 0 0 0
A 2 3 1
D 888 0 32 128 4 0 8 2 0 0 4 0 0 0 0 0 0 0
A 2 1 2
D 892 0 32 128 4 0 8 4 0 0 4 0 0 0 0 0 0 0
A 2 3 1
D 892 0 0 32 128 4 0 0 8 4 0 0 0 4 0 0 0 2
A 2 3 1
D 900 0 0 32 128 8 0 2 8 4 0 0 0 2 0 0 0 0
A 2 3 1
D 900 0 0 32 128 8 0 2 8 4 0 0 0 2 0 0 0 2
A 2 2 2
D 904 0 0 32 128 8 0 2 8 4 0 0 2 4 0 0 0 0
A 2 3 1
D 916 0 0 32 128 8 0 4 8 8 0 0 2 0 0 0 0 0
A 2 3 3
D 932 0 32 128 8 0 4 16 0 0 2 0 0 0 2 0 0 0
A 2 0 3
D 936 0 32 128 8 2 4 16 0 0 4 0 0 0 0 0 0 0
A 2 2 2
D 944 0 32 128 8 2 8 16 2 0 0 0 0 0 0 0 0 0
A 2 2 1
D 944 0 32 128 8 2 0 8 16 2 0 0 0 2 0 0 0 0
A 4 1 0
D 948 0 32 128 8 4 4 8 16 2 0 0 0 0 0 0 0 0
A 2 3 1
D 948 0 32 128 8 4 4 8 16 2 0 0 0 0 0 0 0 2
A 2 2 2
D 952 0 32 128 8 4 4 8 16 4 0 0 2 0 0 0 0 0
A 2 3 2
D 964 0 32 128 8 8 4 8 16 0 0 0 4 0 0 0 0 0
A 2 3 1
D 980 0 32 128 16 0 4 8 16 0 4 0 0 0 2 0 0 0
A 2 2 2
D 1020 0 32 128 32 0 8 8 2 0 2 0 0 0 0 0 0 0
A 2 3 1
D 1036 0 32 128 32 0 16 2 0 0 2 0 0 0 2 0 0 0
A 2 2 1
D 1044 0 32 128 32 0 16 4 0 0 4 0 0 0 0 0 0 0
A 2 1 2
D 1044 0 0 32 128 32 0 16 4 2 0 0 0 4 0 0 0 0
A 2 3 3
D 1044 0 32 128 32 0 16 4 2 0 4 0 0 0 2 0 0 0
A 2 1 3
D 1044 0 32 128 32 2 16 4 2 0 4 0 0 0 2 0 0 0
A 2 1 3
D 1048 0 32 128 32 4 16 4 2 0 4 0 0 0 2 0 0 0
A 2 2 1
D 1048 0 32 128 32 4 0 16 4 2 0 0 4 2 0 0 0 2
A 2 3 0
D 1060 0 32 128 32 4 2 16 8 4 0 0 0 2 0 0 0 0
A 2 3 0
D 1072 0 32 128 32 8 4 16 8 2 0 0 0 0 0 0 0 0
A 2 3 2
D 1072 0 32 128 32 8 4 16 8 2 0 0 0 0 0 0 0 2
A 4 2 0
D 1084 0 32 128 32 8 8 16 8 4 0 0 0 0 0 0 0 0
A 2 2 1
D 1084 0 32 128 32 8 8 16 8 4 2 0 0 0 0 0 0 0
A 2 3 0
D 1088 0 32 128 32 8 8 16 8 4 4 0 0 0 0 0 0 0
A 2 2 2
D 1088 0 32 128 32 8 8 16 8 4 0 0 4 2 0 0 0 0
A 2 3 3
D 1092 0 32 128 32 8 8 16 8 4 0 0 4 4 0 0 0 0
A 2 2 0
D 1100 0 32 128 32 8 8 16 8 8 2 0 4 0 0 0 0 0
A 2 2 1
D 1120 0 32 128 32 8 8 16 16 0 4 4 0 0 0 0 0 0
A 2 3 1
D 1160 0 32 128 32 8 8 32 0 0 8 0 0 0 2 0 0 0
A 2 3 2
D 1176 0 32 128 32 8 16 32 2 0 2 0 0 0 0 0 0 0
A 2 3 1
D 1176 0 32 128 32 8 0 16 32 2 0 0 0 2 0 0 0 2
A 2 1 0
D 1244 0 32 128 64 8 2 16 0 4 0 0 0 2 0 0 0 0
A 2 3 3
D 1248 0 32 128 64 8 2 16 0 4 0 0 0 4 0 0 0 0
A 2 2 1
D 1256 0 32 128 64 8 2 16 0 8 0 2 0 0 0 0 0 0
A 2 2 2
D 1260 0 32 128 64 8 0 2 16 8 0 0 0 4 0 0 0 0
A 2 3 0
D 1276 0 32 128 64 16 2 2 16 4 0 0 0 0 0 0 0 0
A 2 3 1
D 1280 0 32 128 64 16 4 16 4 0 0 0 0 0 2 0 0 0
A 2 2 2
D 1280 0 32 128 64 16 4 16 4 0 2 0 2 0 0 0 0 0
A 2 2 1
D 1284 0 32 128 64 16 4 16 4 0 4 2 0 0 0 0 0 0
A 2 3 3
D 1292 0 32 128 64 16 8 16 4 2 0 2 0 0 0 0 0 0
A 2 2 0
D 1296 0 32 128 64 16 8 16 4 2 4 0 0 0 0 0 0 0
A 2 3 1
D 1296 0 32 128 64 16 8 16 4 2 0 0 0 4 0 0 0 2
A 2 3 2
D 1296 0 32 128 64 16 8 16 4 2 0 0 2 4 0 0 0 2
A 2 2 1
D 1300 0 32 128 64 16 8 16 4 2 4 4 0 0 2 0 0 0
A 2 3 3
D 1312 0 32 128 64 16 8 16 4 2 8 0 0 0 4 0 0 0
A 2 3 1
D 1328 0 32 128 64 16 16 16 4 2 4 2 0 0 0 0 0 0
A 2 2 2
D 1364 0 32 128 64 16 0 32 4 2 0 0 4 4 0 0 0 0
A 2 2 1
D 1372 0 32 128 64 16 0 32 8 2 0 2 0 4 0 0 0 0
A 2 2 0
D 1376 0 32 128 64 16 32 8 2 0 4 4 0 0 0 0 0 0
A 2 2 3
D 1384 0 32 128 64 16 32 8 2 0 8 2 0 0 0 0 0 0
A 2 2 2
D 1388 0 32 128 64 16 0 32 8 2 0 0 8 4 0 0 0 0
A 2 2 0
D 1404 0 32 128 64 16 2 32 16 2 0 0 0 4 0 0 0 0
A 2 3 3
D 1404 0 32 128 64 16 2 32 16 2 4 0 0 0 2 0 0 0
A 2 2 1
D 1404 0 32 128 64 16 2 32 16 2 0 0 4 2 0 0 0 2
A 2 2 1
D 1404 0 32 128 64 16 2 32 16 2 2 4 2 0 2 0 0 0
A 4 3 1
D 1416 0 32 128 64 16 4 32 16 2 2 8 2 0 0 0 0 0
A 2 3 3
D 1416 0 32 128 64 16 4 32 16 2 0 2 8 2 0 0 0 2
A 2 3 0
D 1420 0 32 128 64 16 4 32 16 4 2 2 8 2 0 0 0 0
A 2 3 1
D 1424 0 32 128 64 16 4 32 16 4 2 4 8 2 0 0 0 0
A 2 3 3
D 1428 0 32 128 64 16 4 32 16 4 2 4 8 4 0 0 0 0
A 4 3 3
D 1436 0 32 128 64 16 4 32 16 8 2 4 8 4 0 0 0 0
A 2 3 3
D 1436 0 32 128 64 16 4 32 16 8 2 4 8 4 2 0 0 0
A 4 3 3
D 1448 0 32 128 64 16 4 32 16 8 4 4 8 8 0 0 0 0
A 2 3 1
D 1472 0 32 128 64 16 8 32 16 16 0 4 8 0 0 2 0 0
A 2 3 2
D 1508 0 32 128 64 16 8 32 32 0 4 8 0 0 4 0 0 0
A 2 1 3
D 1516 0 32 128 64 16 8 32 32 2 8 8 0 0 0 0 0 0
A 4 2 2
D 1532 0 32 128 64 16 16 32 32 2 0 8 4 0 0 0 0 0
A 2 3 0
D 1596 0 32 128 64 16 0 16 64 2 0 0 8 4 0 0 0 2
A 2 3 1
D 1600 0 32 128 64 16 16 64 2 0 8 4 0 0 4 0 0 0
A 2 3 1
D 1600 0 32 128 64 16 0 16 64 2 0 0 8 4 0 0 4 2
A 2 2 0
D 1600 0 32 128 64 16 16 64 2 0 2 8 4 0 4 2 0 0
A 2 3 2
D 1604 0 32 128 64 16 0 16 64 2 0 2 8 4 0 0 4 4
A 2 3 1
D 1744 0 32 128 128 16 0 16 8 2 0 4 4 8 0 0 0 0
A 2 2 0
D 2008 0 0 32 256 16 0 16 8 2 0 2 8 8 0 0 0 0
A 2 2 0
D 2024 0 2 32 256 16 0 16 16 2 0 2 0 8 0 0 0 0
A 2 3 2
D 2056 0 2 32 256 16 0 0 32 2 0 0 2 8 0 0 0 2
A 4 2 1
D 2056 0 2 32 256 16 0 4 32 2 0 0 2 8 0 0 0 2
A 2 3 0
D 2060 0 2 32 256 16 4 32 2 0 2 8 0 0 4 0 0 0
A 2 3 1
D 2124 0 2 64 256 16 4 8 2 0 2 2 0 0 4 0 0 0
A 2 2 2
D 2128 0 2 64 256 16 4 8 4 0 2 2 0 0 4 0 0 0
A 2 3 3
D 2128 0 2 64 256 16 4 8 4 2 2 2 0 0 4 0 0 0
A 2 3 1
D 2132 0 2 64 256 16 4 8 4 2 4 0 0 0 4 2 0 0
A 2 3 2
D 2140 0 2 64 256 16 8 8 4 2 4 2 2 0 0 0 0 0
A 2 3 0
D 2160 0 2 64 256 16 0 16 4 2 0 0 4 4 0 0 0 2
A 2 1 0
D 2172 0 4 64 256 16 0 16 8 2 0 0 0 4 0 0 0 2
A 4 2 0
D 2180 0 8 64 256 16 0 16 8 2 0 0 0 4 0 0 0 2
A 2 2 1
D 2180 0 8 64 256 16 0 16 8 2 0 0 2 4 0 0 0 2
A 2 3 2
D 2184 0 8 64 256 16 0 16 8 2 0 0 4 4 0 0 0 2
A 2 2 1
D 2192 0 8 64 256 16 0 16 8 2 0 0 2 8 0 0 0 2
A 2 3 1
D 2192 0 8 64 256 16 0 16 8 2 0 2 2 8 0 0 0 2
A 2 2 0
D 2196 0 8 64 256 16 16 8 2 0 4 2 8 0 2 0 0 0
A 2 3 3
D 2196 0 8 64 256 16 16 8 2 2 4 2 8 0 2 0 0 0
A 2 3 1
D 2204 0 8 64 256 16 16 8 4 0 4 2 8 0 4 0 0 0
A 2 1 3
D 2212 0 8 64 256 16 16 8 4 2 8 2 8 0 0 0 0 0
A 2 3 0
D 2212 0 8 64 256 16 16 8 4 2 0 8 2 8 0 0 0 2
A 2 3 2
D 2232 0 8 64 256 16 16 16 4 2 0 0 4 8 0 0 0 2
A 2 2 1
D 2264 0 8 64 256 16 0 32 4 2 0 2 4 8 0 0 0 2
A 2 3 0
D 2272 0 8 64 256 16 2 32 8 2 0 2 0 8 0 0 0 2
A 2 3 0
D 2276 0 8 64 256 16 2 32 8 2 2 8 0 0 4 0 0 0
A 2 3 1
D 2280 0 8 64 256 16 4 32 8 2 4 8 0 0 0 2 0 0
A 2 3 3
D 2292 0 8 64 256 16 8 32 8 4 0 8 0 0 0 2 0 0
A 2 3 2
D 2308 0 16 64 256 16 0 32 8 4 0 8 2 0 0 2 0 0
A 2 3 0
D 2312 0 16 64 256 16 32 8 4 0 8 2 0 0 4 0 0 0
A 4 2 3
D 2312 0 16 64 256 16 32 8 4 4 8 2 0 0 4 0 0 0
A 2 3 1
D 2320 0 16 64 256 16 32 8 8 0 8 2 0 0 4 2 0 0
A 2 3 3
D 2340 0 16 64 256 16 32 16 0 0 8 2 0 0 4 4 0 0
A 2 2 3
D 2352 0 16 64 256 16 0 0 32 16 0 0 8 4 0 0 0 8
A 2 2 1
D 2384 0 16 64 256 32 0 2 32 4 0 0 8 8 0 0 0 0
A 2 2 1
D 2400 0 16 64 256 32 2 32 4 0 2 16 0 0 0 0 0 0
A 2 2 2
D 2404 0 16 64 256 32 4 32 4 0 0 16 2 0 0 0 0 0
A 2 1 3
D 2404 0 16 64 256 32 4 32 4 2 0 0 16 2 0 0 0 0
A 2 2 0
D 2408 0 16 64 256 32 4 32 4 4 2 0 16 0 0 0 0 0
A 2 3 3
D 2416 0 16 64 256 32 0 4 32 8 0 0 2 16 0 0 0 2
A 2 2 0
D 2420 0 16 64 256 32 4 32 8 0 4 16 0 0 2 0 0 0
A 2 1 3
D 2428 0 16 64 256 32 8 32 8 2 2 16 0 0 0 0 0 0
A 2 3 0
D 2432 0 16 64 256 32 8 32 8 2 4 16 0 0 0 0 0 0
A 2 2 3
D 2436 0 16 64 256 32 8 32 8 4 4 16 0 0 0 0 0 0
A 2 3 1
D 2436 0 16 64 256 32 8 32 8 4 0 0 4 16 0 0 0 2
A 4 3 1
D 2436 0 16 64 256 32 8 32 8 4 0 4 4 16 0 0 0 2
A 2 3 1
D 2448 0 16 64 256 32 8 32 8 4 8 16 0 0 4 0 0 0
A 2 3 3
D 2464 0 16 64 256 32 16 32 8 4 4 16 0 2 0 0 0 0
A 2 3 3
D 2500 0 32 64 256 32 4 32 8 4 0 16 0 4 0 0 0 0
A 2 3 1
D 2508 0 32 64 256 32 4 32 8 8 0 16 0 0 0 2 0 0
A 2 2 3
D 2524 0 32 64 256 32 4 32 16 0 16 2 0 0 2 0 0 0
A 2 2 2
D 2528 0 32 64 256 32 0 4 32 16 0 0 16 4 0 0 0 2
A 2 3 0
D 2528 0 32 64 256 32 2 4 32 16 0 0 16 4 0 0 0 2
A 2 2 0
D 2532 0 32 64 256 32 4 4 32 16 0 0 16 4 0 0 0 2
A 2 3 0
D 2544 0 32 64 256 32 8 32 16 0 16 4 0 0 4 0 0 0
A 2 1 3
D 2544 0 32 64 256 32 8 32 16 2 0 0 16 4 0 0 0 4
A 2 3 2
D 2584 0 32 64 256 32 8 32 32 2 0 0 2 8 0 0 0 0
A 4 3 1
D 2584 0 32 64 256 32 8 32 32 2 0 4 2 8 0 0 0 0
A 2 3 1
D 2648 0 32 64 256 32 0 8 64 2 0 4 2 8 0 0 0 2
A 2 1 0
D 2648 0 32 64 256 32 2 8 64 2 4 2 8 0 2 0 0 0
A 2 3 2
D 2652 0 32 64 256 32 2 8 64 2 4 2 8 0 4 0 0 0
A 2 3 1
D 2664 0 32 64 256 32 2 8 64 2 8 4 8 0 0 0 0 0
A 2 3 0
D 2664 0 32 64 256 32 2 8 64 2 0 8 4 8 0 0 0 2
A 2 3 0
D 2684 0 32 64 256 32 4 16 64 2 0 0 4 8 0 0 0 2
A 2 2 1
D 2684 0 32 64 256 32 4 16 64 2 2 4 8 0 2 0 0 0
A 2 3 3
D 2692 0 32 64 256 32 4 16 64 4 4 4 8 0 0 0 0 0
A 2 3 2
D 2700 0 32 64 256 32 8 16 64 4 0 4 8 0 0 0 2 0
A 2 2 0
D 2700 0 32 64 256 32 8 16 64 4 2 4 8 0 2 0 0 0
A 2 3 3
D 2704 0 32 64 256 32 8 16 64 4 4 4 8 2 0 0 0 0
A 2 3 0
D 2712 0 32 64 256 32 8 16 64 4 8 8 2 0 2 0 0 0
A 2 3 3
D 2728 0 32 64 256 32 16 16 64 4 2 8 2 2 0 0 0 0
A 2 3 1
D 2764 0 32 64 256 32 32 64 4 0 2 8 4 0 2 0 0 0
A 2 3 2
D 2968 0 64 128 256 32 4 8 8 0 0 0 2 0 0 0 0 0
A 2 3 0
D 2984 0 64 128 256 32 4 16 0 0 2 0 0 0 2 0 0 0
A 2 1 3
D 2984 0 64 128 256 32 0 4 16 2 0 0 0 2 0 0 0 2
A 2 3 1
D 2988 0 64 128 256 32 0 4 16 4 0 2 0 2 0 0 0 0
A 2 3 0
D 2992 0 64 128 256 32 0 4 16 4 0 0 0 4 0 0 0 2
A 4 3 1
D 3008 0 64 128 256 32 0 8 16 8 0 0 0 2 0 0 0 0
A 2 3 2
D 3008 0 64 128 256 32 0 8 16 8 0 0 0 2 0 0 0 2
A 2 2 1
D 3012 0 64 128 256 32 0 8 16 8 0 2 0 4 0 0 0 0
A 2 1 0
D 3012 0 64 128 256 32 2 8 16 8 2 4 0 0 0 0 0 0
A 2 3 3
D 3016 0 64 128 256 32 4 8 16 8 0 4 0 2 0 0 0 0
A 4 3 1
D 3016 0 64 128 256 32 4 8 16 8 4 2 0 0 4 0 0 0
A 2 3 3
D 3024 0 64 128 256 32 8 8 16 8 4 2 0 2 0 0 0 0
A 2 3 2
D 3044 0 64 128 256 32 0 16 16 8 0 0 4 4 0 0 0 2
A 2 2 0
D 3084 0 64 128 256 32 0 0 32 8 0 0 2 8 0 0 0 2
A 2 2 1
D 3100 0 64 128 256 32 0 2 32 16 0 0 2 2 0 0 0 0
A 2 3 1
D 3104 0 64 128 256 32 0 2 32 16 0 0 0 4 0 0 0 2
A 4 3 2
D 3104 0 64 128 256 32 0 2 32 16 0 0 4 4 0 0 0 2
A 2 2 1
D 3112 0 64 128 256 32 0 2 32 16 0 0 2 8 0 0 0 2
A 2 3 1
D 3116 0 64 128 256 32 0 2 32 16 0 0 2 8 0 0 0 4
A 2 2 0
D 3120 0 64 128 256 32 0 2 32 16 0 0 4 8 0 0 0 4
A 2 3 0
D 3120 0 64 128 256 32 0 2 32 16 0 0 4 8 0 0 2 4
A 2 1 0
D 3124 0 64 128 256 32 4 32 16 0 4 8 0 0 2 4 0 0
A 2 1 3
D 3132 0 64 128 256 32 8 32 16 2 2 8 0 0 0 4 0 0
A 2 3 0
D 3136 0 64 128 256 32 8 32 16 2 4 8 0 0 0 4 0 0
A 2 3 2
D 3136 0 64 128 256 32 8 32 16 2 4 8 0 0 4 2 0 0
A 2 2 3
D 3148 0 64 128 256 32 8 32 16 4 8 8 0 0 0 2 0 0
A 2 3 2
D 3164 0 64 128 256 32 16 32 16 4 0 8 2 0 0 2 0 0
A 2 2 0
D 3164 0 64 128 256 32 16 32 16 4 0 2 8 2 0 0 0 2
A 4 3 1
D 3168 0 64 128 256 32 16 32 16 4 0 2 8 4 0 4 0 0
A 2 2 0
D 3176 0 64 128 256 32 16 32 16 8 2 2 8 0 0 4 0 0
A 2 3 2
D 3180 0 64 128 256 32 16 32 16 8 0 0 4 8 0 0 4 2
A 2 3 0
D 3204 0 64 128 256 32 16 32 16 16 2 0 8 2 0 0 0 0
A 2 3 2
D 3236 0 64 128 256 32 0 16 32 32 0 2 8 2 0 0 0 2
A 2 3 2
D 3304 0 64 128 256 64 0 16 32 4 0 2 8 0 0 0 2 0
A 2 3 3
D 3308 0 64 128 256 64 16 32 4 0 2 8 0 0 4 0 0 0
A 2 1 3
D 3308 0 64 128 256 64 16 32 4 2 0 0 2 8 0 0 0 4
A 2 2 1
D 3312 0 64 128 256 64 16 32 4 2 0 0 4 8 0 0 0 4
A 4 3 2
D 3320 0 64 128 256 64 16 32 8 2 0 0 4 8 0 0 0 4
A 2 2 0
D 3320 0 64 128 256 64 16 32 8 2 2 4 8 0 4 0 0 0
A 2 3 2
D 3320 0 64 128 256 64 16 32 8 2 0 2 4 8 0 0 4 2
A 2 3 0
D 3328 0 64 128 256 64 16 32 8 2 2 2 8 8 0 0 0 2
A 2 3 2
D 3344 0 64 128 256 64 16 32 16 2 2 2 2 8 0 0 0 2
A 2 3 2
D 3352 0 64 128 256 64 16 32 16 2 0 2 4 8 0 0 0 4
A 2 3 0
D 3352 0 64 128 256 64 16 32 16 2 2 4 8 0 2 4 0 0
A 2 3 3
D 3368 0 64 128 256 64 16 32 16 4 4 8 8 0 0 0 0 0
A 2 3 0
D 3384 0 64 128 256 64 16 32 16 4 0 0 4 16 0 0 0 2
A 2 2 1
D 3384 0 64 128 256 64 16 32 16 4 2 4 16 0 2 0 0 0
A 2 3 3
D 3420 0 64 128 256 64 16 32 32 4 4 4 0 2 0 0 0 0
A 2 3 2
D 3492 0 64 128 256 64 16 64 4 0 8 2 0 0 2 0 0 0
A 2 1 3
D 3492 0 64 128 256 64 16 64 4 2 0 0 8 2 0 0 0 2
A 4 3 2
D 3496 0 64 128 256 64 16 64 4 4 0 0 8 2 0 0 4 0
A 2 2 1
D 3504 0 64 128 256 64 16 64 8 0 2 8 2 0 4 0 0 0
A 2 3 3
D 3504 0 64 128 256 64 0 16 64 8 0 2 8 2 0 0 4 2
A 2 1 0
D 3504 0 64 128 256 64 2 16 64 8 2 8 2 0 4 2 0 0
A 2 3 2
D 3512 0 64 128 256 64 4 16 64 8 4 8 4 0 0 2 0 0
A 2 3 2
D 3520 0 64 128 256 64 8 16 64 8 0 8 4 0 0 2 2 0
A 2 3 0
D 3524 0 64 128 256 64 8 16 64 8 8 4 0 0 4 2 0 0
A 2 3 3
D 3540 0 64 128 256 64 16 16 64 8 4 4 0 2 0 2 0 0
A 2 2 2
D 3584 0 64 128 256 64 32 64 8 0 8 4 0 0 2 0 0 0
A 4 3 3
D 3584 0 64 128 256 64 32 64 8 4 8 4 0 0 2 0 0 0
A 2 3 2
D 3588 0 64 128 256 64 32 64 8 4 0 0 8 4 0 0 0 4
A 2 3 1
D 3612 0 64 128 256 64 32 64 16 8 0 2 0 4 0 0 0 0
A 2 3 2
D 3612 0 64 128 256 64 32 64 16 8 0 0 2 4 0 0 0 2
A 2 3 2
D 3616 0 64 128 256 64 32 64 16 8 0 0 4 4 0 0 0 2
A 2 3 1
D 3628 0 64 128 256 64 32 64 16 8 0 0 0 8 0 0 0 4
A 2 3 1
D 3644 0 64 128 256 64 32 64 16 16 0 2 0 4 0 0 0 0
A 2 3 3
D 3676 0 64 128 256 64 32 64 32 0 2 4 0 0 2 0 0 0
A 4 1 3
D 3676 0 64 128 256 64 32 64 32 4 0 0 2 4 0 0 0 2
A 2 3 2
D 3688 0 64 128 256 64 32 64 32 8 0 0 4 2 0 0 0 0
A 2 3 3
D 3692 0 64 128 256 64 32 64 32 8 0 0 4 4 0 0 0 0
A 2 2 0
D 3700 0 64 128 256 64 32 64 32 8 0 0 2 8 0 0 0 0
A 2 3 2
D 3720 0 64 128 256 64 32 64 32 16 0 0 4 0 0 0 0 0
A 2 3 1
D 3720 0 64 128 256 64 32 64 32 16 0 2 4 0 0 0 0 0
A 4 3 1
D 3720 0 64 128 256 64 32 64 32 16 0 0 2 4 0 0 0 4
A 2 3 2
D 3732 0 64 128 256 64 32 64 32 16 0 0 4 8 0 0 0 0
A 2 2 1
D 3732 0 64 128 256 64 32 64 32 16 2 4 8 0 0 0 0 0
A 4 2 3
D 3732 0 0 0 0 0 64 128 256 64 32 64 32 16 2 4 8 4
A 2 0 0
D 3732 0 2 128 256 64 64 64 32 16 32 4 8 4 2 0 0 0
A 2 3 3
D 3864 0 2 128 256 64 0 128 32 16 32 4 8 4 0 0 0 4
A 2 3 0
D 4128 0 2 256 256 64 32 4 32 16 2 0 8 8 0 0 0 0
A 2 2 1
D 4660 0 0 2 512 64 32 4 32 16 0 0 4 16 0 0 0 0
A 2 2 0
D 4692 0 32 2 512 64 2 4 32 32 0 0 4 0 0 0 0 0
A 2 2 3
D 4756 0 32 2 512 64 0 2 4 64 0 0 4 2 0 0 0 0
A 2 2 1
D 4896 0 32 4 512 128 0 2 8 2 0 0 0 0 0 0 0 0
A 2 2 0
D 4896 0 32 4 512 128 2 2 8 2 0 0 0 0 0 0 0 0
A 2 3 1
D 4900 0 32 4 512 128 0 4 8 2 0 0 0 0 0 0 0 2
A 2 1 0
D 4912 0 32 8 512 128 2 0 8 4 0 0 0 0 0 0 0 0
A 2 3 2
D 4912 0 32 8 512 128 2 8 4 0 0 0 0 0 2 0 0 0
A 2 2 2
D 4932 0 32 16 512 128 4 0 4 0 0 0 2 0 0 0 0 0
A 2 1 3
D 4940 0 32 16 512 128 8 2 0 0 2 0 0 0 0 0 0 0
A 2 3 1
D 4944 0 32 16 512 128 8 4 0 0 2 0 0 0 0 0 0 0
A 4 3 0
D 4944 0 32 16 512 128 0 0 8 4 0 0 0 2 0 0 0 4
A 2 2 1
D 4948 0 32 16 512 128 8 4 0 0 4 0 0 0 4 0 0 0
A 2 1 2
D 4956 0 32 16 512 128 8 4 2 0 8 0 0 0 0 0 0 0
A 2 3 1
D 4972 0 32 16 512 128 16 4 2 0 0 2 0 0 0 0 0 0
A 2 2 3
D 4972 0 32 16 512 128 16 4 2 2 0 2 0 0 0 0 0 0
A 2 3 0
D 4976 0 32 16 512 128 0 16 4 4 0 0 0 2 0 0 0 2
A 4 3 2
D 5020 0 32 32 512 128 0 0 8 4 0 0 0 4 0 0 0 0
A 2 2 0
D 5028 0 32 32 512 128 2 0 8 8 0 0 0 0 0 0 0 0
A 2 2 1
D 5108 0 0 64 512 128 0 0 2 16 0 0 0 2 0 0 0 0
A 2 2 0
D 5112 0 64 512 128 0 2 16 0 0 4 0 0 0 0 0 0 0
A 2 1 2
D 5112 0 0 64 512 128 0 2 16 2 0 0 0 4 0 0 0 0
A 4 3 3
D 5120 0 0 64 512 128 0 2 16 2 0 0 0 8 0 0 0 0
A 2 3 1
D 5124 0 0 64 512 128 0 4 16 2 0 0 0 8 0 0 0 0
A 2 3 2
D 5124 0 0 64 512 128 0 4 16 2 0 0 2 8 0 0 0 0
A 4 3 2
D 5124 0 64 512 128 0 4 16 2 0 2 8 0 0 4 0 0 0
A 4 3 2
D 5124 0 64 512 128 0 4 16 2 0 2 8 4 0 4 0 0 0
A 4 0 3
D 5124 0 64 512 128 4 0 4 16 2 0 2 8 4 0 0 0 4
A 2 3 0
D 5132 0 64 512 128 4 2 4 16 2 0 2 8 8 0 0 0 0
A 2 2 0
D 5136 0 64 512 128 4 4 4 16 2 0 2 8 8 0 0 0 0
A 2 2 0
D 5164 0 64 512 128 4 0 8 16 2 0 0 4 16 0 0 0 0
A 2 3 3
D 5164 0 64 512 128 4 8 16 2 0 4 16 0 0 2 0 0 0
A 2 3 1
D 5196 0 64 512 128 4 8 32 2 0 4 2 0 0 2 0 0 0
A 2 1 3
D 5200 0 64 512 128 4 0 8 32 4 0 0 4 2 0 0 0 2
A 2 3 2
D 5212 0 64 512 128 8 0 8 32 4 0 0 4 0 0 0 2 0
A 2 3 1
D 5216 0 64 512 128 8 0 8 32 4 0 0 0 4 0 0 0 4
A 2 3 0
D 5224 0 64 512 128 8 2 8 32 8 0 0 0 4 0 0 0 0
A 4 2 1
D 5232 0 64 512 128 8 2 8 32 8 0 0 0 8 0 0 0 0
A 2 3 2
D 5248 0 64 512 128 16 2 8 32 8 0 0 2 0 0 0 0 0
A 2 3 3
D 5248 0 64 512 128 16 2 8 32 8 0 0 0 2 0 0 0 2
A 2 3 1
D 5252 0 64 512 128 16 2 8 32 8 0 2 0 4 0 0 0 0
A 2 2 0
D 5256 0 64 512 128 16 2 8 32 8 4 4 0 0 0 0 0 0
A 2 2 2
D 5264 0 64 512 128 16 2 8 32 8 8 2 0 0 0 0 0 0
A 2 2 3
D 5268 0 64 512 128 16 2 8 32 8 0 0 8 4 0 0 0 0
A 2 3 3
D 5268 0 64 512 128 16 2 8 32 8 8 4 0 0 2 0 0 0
A 2 2 3
D 5268 0 64 512 128 16 2 8 32 8 0 8 4 2 0 0 0 2
A 2 3 1
D 5288 0 64 512 128 16 2 16 32 8 0 2 4 4 0 0 0 0
A 2 3 3
D 5296 0 64 512 128 16 2 16 32 8 2 8 0 0 2 0 0 0
A 2 3 1
D 5300 0 64 512 128 16 4 16 32 8 2 8 0 0 0 2 0 0
A 2 2 2
D 5300 0 64 512 128 16 4 16 32 8 2 8 2 0 2 0 0 0
A 2 3 1
D 5304 0 64 512 128 16 4 16 32 8 4 8 2 0 0 2 0 0
A 2 3 0
D 5312 0 64 512 128 16 8 16 32 8 2 8 2 0 0 2 0 0
A 4 3 0
D 5312 0 64 512 128 16 8 16 32 8 0 2 8 2 0 0 4 2
A 2 3 1
D 5320 0 64 512 128 16 8 16 32 8 0 4 8 4 0 0 4 0
A 2 3 0
D 5320 0 64 512 128 16 8 16 32 8 2 4 8 4 0 0 4 0
A 2 3 3
D 5320 0 64 512 128 16 8 16 32 8 2 4 8 4 4 2 0 0
A 2 3 2
D 5324 0 64 512 128 16 8 16 32 8 2 4 8 4 4 4 0 0
A 2 3 2
D 5332 0 64 512 128 16 8 16 32 8 2 8 8 4 4 0 2 0
A 4 3 3
D 5348 0 64 512 128 16 8 16 32 8 2 16 4 0 4 2 4 0
A 4 3 3
D 5388 0 64 512 128 16 8 32 32 8 2 2 8 4 4 0 0 0
A 2 3 2
D 5456 0 64 512 128 16 0 8 64 8 0 4 8 4 0 0 4 2
A 2 3 0
D 5456 0 64 512 128 16 8 64 8 0 4 8 4 0 2 4 2 0
A 2 3 3
D 5456 0 64 512 128 16 8 64 8 2 4 8 4 0 2 4 2 0
A 2 3 3
D 5460 0 64 512 128 16 8 64 8 4 4 8 4 0 2 4 2 0
A 2 3 3
D 5464 0 64 512 128 16 8 64 8 4 0 4 8 4 0 2 4 4
A 2 2 0
D 5488 0 64 512 128 16 8 64 16 8 2 4 4 4 0 2 0 0
A 2 3 0
D 5500 0 64 512 128 16 8 64 16 8 0 2 4 8 0 0 0 4
A 2 2 0
D 5516 0 64 512 128 16 8 64 16 16 2 2 4 4 0 0 0 0
A 2 3 1
D 5560 0 64 512 128 16 8 64 32 0 4 8 0 0 2 0 0 0
A 2 3 3
D 5560 0 64 512 128 16 8 64 32 2 4 8 0 0 2 0 0 0
A 2 3 3
D 5564 0 64 512 128 16 8 64 32 4 4 8 0 0 2 0 0 0
A 2 2 2
D 5564 0 64 512 128 16 8 64 32 4 0 4 8 2 0 0 0 2
A 2 3 1
D 5568 0 64 512 128 16 8 64 32 4 0 4 8 4 0 2 0 0
A 2 3 2
D 5576 0 64 512 128 16 8 64 32 8 0 4 8 0 0 2 2 0
A 2 3 3
D 5580 0 64 512 128 16 8 64 32 8 0 0 4 8 0 0 2 4
A 2 2 0
D 5596 0 64 512 128 16 8 64 32 16 2 0 4 4 0 0 2 0
A 2 3 0
D 5608 0 64 512 128 16 8 64 32 16 0 0 2 8 0 0 0 4
A 2 3 0
D 5640 0 64 512 128 32 8 64 32 8 2 0 2 4 0 0 0 0
A 4 3 0
D 5644 0 64 512 128 32 8 64 32 8 0 0 4 4 0 0 0 4
A 2 2 1
D 5652 0 64 512 128 32 8 64 32 8 0 0 2 8 0 0 0 4
A 2 2 0
D 5668 0 64 512 128 32 8 64 32 16 2 0 2 4 0 0 0 0
A 2 3 0
D 5672 0 64 512 128 32 8 64 32 16 4 0 2 4 0 0 0 0
A 2 2 1
D 5676 0 64 512 128 32 8 64 32 16 0 4 4 4 0 0 0 0
A 2 2 0
D 5684 0 64 512 128 32 8 64 32 16 0 2 4 8 0 0 0 0
A 2 3 2
D 5684 0 64 512 128 32 8 64 32 16 2 4 8 0 2 0 0 0
A 4 3 3
D 5688 0 64 512 128 32 8 64 32 16 4 4 8 4 0 0 0 0
A 2 3 1
D 5696 0 64 512 128 32 8 64 32 16 0 8 8 4 0 0 0 2
A 2 3 1
D 5716 0 64 512 128 32 8 64 32 16 0 0 16 4 0 0 0 4
A 2 2 1
D 5724 0 64 512 128 32 8 64 32 16 0 2 16 8 0 0 0 0
A 2 3 3
D 5724 0 64 512 128 32 8 64 32 16 2 16 8 0 2 0 0 0
A 2 3 1
D 5728 0 64 512 128 32 8 64 32 16 4 16 8 0 0 2 0 0
A 2 3 3
D 5728 0 64 512 128 32 8 64 32 16 4 16 8 2 0 2 0 0
A 2 3 0
D 5732 0 64 512 128 32 8 64 32 16 4 16 8 2 0 0 0 4
A 2 3 0
D 5732 0 64 512 128 32 8 64 32 16 4 16 8 2 2 4 0 0
A 2 3 3
D 5736 0 64 512 128 32 8 64 32 16 4 16 8 4 2 4 0 0
A 2 3 3
D 5736 0 64 512 128 32 8 64 32 16 4 16 8 4 2 4 2 0
A 2 3 3
D 5740 0 64 512 128 32 8 64 32 16 4 16 8 4 0 2 4 4
A 4 3 0
D 5756 0 64 512 128 32 8 64 32 16 8 16 8 8 0 2 4 0
A 2 3 3
D 5772 0 64 512 128 32 8 64 32 16 0 8 16 16 0 2 4 2
A 2 3 0
D 5804 0 64 512 128 32 8 64 32 32 2 8 16 2 0 2 4 0
A 2 3 0
D 5872 0 64 512 128 32 8 64 64 0 2 8 16 2 4 4 0 0
A 2 1 3
D 6008 0 64 512 128 32 8 128 2 0 2 8 16 2 8 0 0 0
A 2 3 1
D 6008 0 64 512 128 32 0 8 128 2 2 8 16 2 0 0 8 2
A 2 3 1
D 6284 0 64 512 256 32 2 16 16 4 0 2 8 2 0 0 0 0
A 2 2 0
D 6288 0 64 512 256 32 4 16 16 4 0 2 8 2 0 0 0 0
A 2 3 0
D 6288 0 64 512 256 32 4 16 16 4 2 2 8 2 0 0 0 0
A 2 3 3
D 6292 0 64 512 256 32 4 16 16 4 2 2 8 4 0 0 0 0
A 4 3 3
D 6300 0 64 512 256 32 4 16 16 8 2 2 8 4 0 0 0 0
A 2 3 2
D 6336 0 64 512 256 32 4 32 8 0 4 8 4 0 2 0 0 0
A 2 3 2
D 6344 0 64 512 256 32 8 32 8 0 2 8 4 0 0 0 2 0
A 2 1 3
D 6344 0 64 512 256 32 8 32 8 2 2 8 4 0 2 0 0 0
A 2 3 2
D 6348 0 64 512 256 32 8 32 8 2 4 8 4 0 0 0 2 0
A 2 3 1
D 6352 0 64 512 256 32 8 32 8 2 4 8 4 0 4 0 0 0
A 2 3 2
D 6360 0 64 512 256 32 8 32 8 2 8 8 4 0 0 0 2 0
A 2 2 3
D 6380 0 64 512 256 32 16 32 8 4 0 8 4 0 0 0 2 0
A 2 3 3
D 6384 0 64 512 256 32 16 32 8 4 0 0 8 4 0 0 0 4
A 2 3 1
D 6408 0 64 512 256 32 16 32 16 8 0 2 0 4 0 0 0 0
A 2 3 2
D 6408 0 64 512 256 32 16 32 16 8 0 0 2 4 0 0 0 2
A 2 2 0
D 6412 0 64 512 256 32 16 32 16 8 4 4 0 0 2 0 0 0
A 2 2 2
D 6420 0 64 512 256 32 16 32 16 8 8 2 0 0 2 0 0 0
A 2 3 1
D 6424 0 64 512 256 32 16 32 16 8 8 4 0 0 2 0 0 0
A 2 2 2
D 6424 0 64 512 256 32 16 32 16 8 0 8 4 2 0 0 0 2
A 2 3 2
D 6428 0 64 512 256 32 16 32 16 8 0 8 4 4 0 0 2 0
A 2 3 0
D 6440 0 64 512 256 32 16 32 16 8 0 0 8 8 0 0 0 4
A 2 2 1
D 6456 0 64 512 256 32 16 32 16 16 0 2 8 4 0 0 0 0
A 2 3 3
D 6488 0 64 512 256 32 16 32 32 0 2 8 4 0 2 0 0 0
A 2 3 1
D 6556 0 64 512 256 32 16 64 0 0 2 8 4 0 4 0 0 0
A 2 3 3
D 6556 0 64 512 256 32 16 64 4 2 2 8 0 0 4 0 0 0
A 2 3 3
D 6560 0 64 512 256 32 16 64 4 4 2 8 0 0 4 0 0 0
A 2 2 2
D 6568 0 64 512 256 32 0 16 64 8 0 2 8 2 0 0 0 4
A 4 1 0
D 6568 0 64 512 256 32 4 16 64 8 2 8 2 0 4 0 0 0
A 2 2 3
D 6572 0 64 512 256 32 4 16 64 8 2 8 4 0 4 0 0 0
A 2 2 3
D 6572 0 64 512 256 32 4 16 64 8 2 8 4 2 0 0 0 4
A 2 3 1
D 6572 0 64 512 256 32 4 16 64 8 2 8 4 2 2 4 0 0
A 2 3 3
D 6580 0 64 512 256 32 4 16 64 8 4 8 4 4 0 4 0 0
A 2 3 0
D 6588 0 64 512 256 32 8 16 64 8 2 8 4 4 0 4 0 0
A 2 3 0
D 6592 0 64 512 256 32 8 16 64 8 4 8 4 4 0 4 0 0
A 2 3 2
D 6600 0 64 512 256 32 8 16 64 8 4 8 8 0 4 2 0 0
A 2 3 3
D 6608 0 64 512 256 32 8 16 64 8 8 8 8 2 0 2 0 0
A 2 3 2
D 6624 0 64 512 256 32 16 16 64 8 0 8 8 2 0 2 2 0
A 2 2 0
D 6676 0 64 512 256 32 0 32 64 8 0 2 16 2 0 0 0 4
A 4 3 0
D 6676 0 64 512 256 32 4 32 64 8 0 2 16 2 0 0 0 4
A 2 3 0
D 6676 0 64 512 256 32 4 32 64 8 2 16 2 0 2 4 0 0
A 2 3 3
D 6680 0 64 512 256 32 4 32 64 8 4 16 2 2 0 4 0 0
A 2 3 3
D 6692 0 64 512 256 32 8 32 64 8 0 16 2 4 0 4 0 0
A 2 3 2
D 6696 0 64 512 256 32 8 32 64 8 0 16 4 4 0 4 0 0
A 2 3 0
D 6704 0 64 512 256 32 8 32 64 8 0 0 16 8 0 0 2 4
A 2 2 0
D 6720 0 64 512 256 32 8 32 64 16 2 0 16 4 0 0 2 0
A 2 3 3
D 6724 0 64 512 256 32 8 32 64 16 0 2 16 4 0 0 0 4
A 2 3 0
D 6732 0 64 512 256 32 8 32 64 16 2 2 16 8 0 0 0 0
A 4 3 3
D 6736 0 64 512 256 32 8 32 64 16 4 16 8 0 4 0 0 0
A 2 3 2
D 6744 0 64 512 256 32 8 32 64 16 8 16 8 0 0 0 2 0
A 2 2 3
D 6760 0 64 512 256 32 16 32 64 16 0 16 8 2 0 0 2 0
A 4 3 3
D 6760 0 64 512 256 32 16 32 64 16 16 8 2 0 2 4 0 0
A 2 2 3
D 6792 0 64 512 256 32 32 32 64 16 2 8 2 2 0 4 0 0
A 2 3 3
D 6860 0 64 512 256 32 0 64 64 16 0 2 8 4 0 0 4 2
A 2 2 0
D 6992 0 64 512 256 32 0 0 128 16 0 4 8 4 0 0 4 2
A 2 3 0
D 6992 0 64 512 256 32 2 4 128 16 0 0 8 4 0 0 4 2
A 2 3 0
D 6996 0 64 512 256 32 4 4 128 16 0 0 8 4 0 0 4 2
A 2 2 0
D 7004 0 64 512 256 32 8 128 16 0 2 8 4 0 4 2 0 0
A 2 3 3
D 7004 0 64 512 256 32 8 128 16 2 2 8 4 0 4 2 0 0
A 2 3 3
D 7008 0 64 512 256 32 8 128 16 4 2 8 4 0 4 2 0 0
A 2 3 3
D 7012 0 64 512 256 32 8 128 16 4 0 2 8 4 0 0 4 4
A 2 2 0
D 7020 0 64 512 256 32 8 128 16 8 2 2 8 4 0 0 4 0
A 2 3 0
D 7024 0 64 512 256 32 8 128 16 8 0 4 8 4 0 0 2 4
A 2 2 0
D 7032 0 64 512 256 32 8 128 16 8 2 4 8 8 0 0 2 0
A 2 3 1
D 7048 0 64 512 256 32 8 128 16 16 2 4 8 0 0 2 2 0
A 2 3 0
D 7084 0 64 512 256 32 8 128 32 0 2 4 8 0 4 2 0 0
A 4 1 3
D 7084 0 64 512 256 32 8 128 32 4 0 2 4 8 0 0 4 2
A 2 3 1
D 7096 0 64 512 256 32 8 128 32 4 0 4 8 8 0 0 0 2
A 2 3 2
D 7116 0 64 512 256 32 8 128 32 4 0 0 4 16 0 0 0 4
A 2 2 1
D 7116 0 64 512 256 32 8 128 32 4 2 4 16 0 4 0 0 0
A 2 2 3
D 7116 0 64 512 256 32 8 128 32 4 2 4 16 2 0 0 0 4
A 2 3 1
D 7116 0 64 512 256 32 8 128 32 4 2 4 16 2 2 4 0 0
A 2 3 2
D 7128 0 64 512 256 32 8 128 32 4 4 8 16 2 0 0 2 0
A 2 3 3
D 7132 0 64 512 256 32 8 128 32 4 4 8 16 4 0 0 2 0
A 2 3 3
D 7140 0 64 512 256 32 8 128 32 8 4 8 16 2 0 0 2 0
A 2 3 1
D 7144 0 64 512 256 32 8 128 32 8 4 8 16 2 4 0 0 0
A 4 3 2
D 7152 0 64 512 256 32 8 128 32 8 8 8 16 2 0 0 4 0
A 2 3 3
D 7172 0 64 512 256 32 16 128 32 8 0 8 16 4 0 0 4 0
A 2 3 3
D 7172 0 64 512 256 32 16 128 32 8 8 16 4 0 4 2 0 0
A 2 3 2
D 7176 0 64 512 256 32 16 128 32 8 0 8 16 4 0 0 4 4
A 2 3 1
D 7184 0 64 512 256 32 16 128 32 8 0 8 16 8 0 2 4 0
A 2 2 0
D 7200 0 64 512 256 32 16 128 32 16 2 8 16 0 0 2 4 0
A 2 3 0
D 7204 0 64 512 256 32 16 128 32 16 0 2 8 16 0 0 4 4
A 2 3 1
D 7240 0 64 512 256 32 16 128 32 32 0 4 8 4 0 0 4 0
A 2 3 0
D 7304 0 64 512 256 32 16 128 64 0 4 8 4 0 2 4 0 0
A 2 2 3
D 7304 0 64 512 256 32 16 128 64 2 4 8 4 0 2 4 0 0
A 2 2 3
D 7308 0 64 512 256 32 16 128 64 4 4 8 4 0 2 4 0 0
A 2 3 3
D 7308 0 64 512 256 32 16 128 64 4 0 4 8 4 0 2 4 2
A 2 3 0
D 7316 0 64 512 256 32 16 128 64 8 2 4 8 2 0 2 4 0
A 4 3 0
D 7316 0 64 512 256 0 16 128 64 32 2 4 8 8 4 2 4 2
A 2 0 3
D 7332 0 64 512 256 2 16 128 64 32 0 2 4 16 4 2 4 2
A 2 2 0
D 7344 0 64 512 256 2 16 128 64 32 2 4 8 16 4 0 0 2
A 2 3 1
D 7348 0 64 512 256 2 16 128 64 32 2 4 8 16 0 0 4 4
A 2 3 0
D 7356 0 64 512 256 2 16 128 64 32 2 4 8 16 2 8 0 0
A 4 3 3
D 7356 0 64 512 256 2 16 128 64 32 2 4 8 16 0 2 8 4
A 2 3 0
D 7376 0 64 512 256 2 16 128 64 32 4 4 16 16 0 2 0 4
A 2 3 0
D 7420 0 64 512 256 2 16 128 64 32 0 0 8 32 0 0 4 4
A 2 2 1
D 7484 0 64 512 256 2 16 128 64 64 0 2 8 4 0 0 4 0
A 4 3 3
D 7620 0 64 512 256 2 16 128 128 0 2 8 4 0 8 0 0 0
A 2 3 1
D 7876 0 64 512 256 2 16 256 0 0 2 8 4 0 8 2 0 0
A 2 3 3
D 7880 0 64 512 256 4 16 256 4 0 2 8 0 0 8 2 0 0
A 2 3 3
D 7884 0 64 512 256 4 0 16 256 4 0 0 2 8 0 0 8 4
A 2 3 1
D 8404 0 64 512 512 8 0 16 2 8 0 2 8 4 0 0 0 0
A 2 3 0
D 9428 0 64 1024 8 0 16 2 8 0 2 8 4 0 2 0 0 0
A 2 3 2
D 9448 0 64 1024 16 0 16 2 4 0 4 8 2 0 0 0 0 0
A 2 3 1
D 9448 0 0 64 1024 16 0 16 2 4 0 4 8 2 0 0 0 2
A 2 0 0
D 9452 0 2 64 1024 16 0 16 2 4 0 4 8 4 0 0 0 0
A 4 1 0
D 9460 0 2 64 1024 16 4 16 2 8 0 4 8 0 0 0 0 0
A 4 3 1
D 9468 0 2 64 1024 16 4 16 2 8 0 8 8 0 0 0 0 0
A 2 2 0
D 9484 0 2 64 1024 16 4 16 2 8 0 0 2 16 0 0 0 0
A 2 2 0
D 9488 0 2 64 1024 16 4 16 2 8 4 16 0 0 0 0 0 0
A 2 2 3
D 9528 0 2 64 1024 16 8 32 2 8 0 0 0 2 0 0 0 0
A 2 3 3
D 9532 0 2 64 1024 16 8 32 2 8 0 0 0 4 0 0 0 0
A 2 3 1
D 9532 0 2 64 1024 16 8 32 2 8 0 2 0 4 0 0 0 0
A 2 2 2
D 9536 0 2 64 1024 16 8 32 2 8 0 0 4 4 0 0 0 0
A 2 3 2
D 9544 0 2 64 1024 16 8 32 2 8 0 0 0 8 0 0 0 2
A 2 2 2
D 9564 0 2 64 1024 16 8 32 4 16 0 0 0 2 0 0 0 0
A 2 3 3
D 9600 0 2 64 1024 32 8 32 4 4 0 0 0 0 0 0 0 0
A 2 2 3
D 9608 0 2 64 1024 32 8 32 8 0 2 0 0 0 0 0 0 0
A 2 3 1
D 9608 0 2 64 1024 32 8 32 8 0 2 2 0 0 0 0 0 0
A 2 2 2
D 9612 0 2 64 1024 32 8 32 8 0 4 2 0 0 0 0 0 0
A 4 3 3
D 9612 0 2 64 1024 32 8 32 8 4 4 2 0 0 0 0 0 0
A 2 2 3
D 9616 0 2 64 1024 32 8 32 8 4 0 0 4 4 0 0 0 0
A 2 3 2
D 9624 0 2 64 1024 32 8 32 8 8 0 0 4 0 0 0 2 0
A 2 2 1
D 9640 0 2 64 1024 32 8 32 16 0 2 4 0 0 2 0 0 0
A 4 3 3
D 9644 0 2 64 1024 32 8 32 16 4 4 4 0 0 0 0 0 0
A 2 3 1
D 9652 0 2 64 1024 32 8 32 16 4 0 0 0 8 0 0 0 2
A 2 3 1
D 9652 0 2 64 1024 32 8 32 16 4 0 2 0 8 0 0 0 2
A 2 2 0
D 9656 0 2 64 1024 32 8 32 16 4 4 8 0 0 2 0 0 0
A 2 2 2
D 9656 0 2 64 1024 32 8 32 16 4 0 4 8 2 0 0 0 2
A 2 3 2
D 9660 0 2 64 1024 32 8 32 16 4 0 4 8 4 0 0 2 0
A 2 3 1
D 9668 0 2 64 1024 32 8 32 16 8 0 4 8 0 0 2 2 0
A 2 2 3
D 9672 0 2 64 1024 32 8 32 16 8 0 4 8 2 0 0 0 4
A 2 3 2
D 9672 0 2 64 1024 32 8 32 16 8 4 8 2 0 2 4 0 0
A 2 3 3
D 9672 0 2 64 1024 32 8 32 16 8 4 8 2 2 2 4 0 0
A 2 3 2
D 9676 0 2 64 1024 32 8 32 16 8 0 4 8 4 0 2 4 2
A 2 3 0
D 9680 0 2 64 1024 32 8 32 16 8 4 8 4 0 4 4 2 0
A 4 2 3
D 9688 0 2 64 1024 32 8 32 16 8 8 8 4 4 0 4 2 0
A 2 3 0
D 9704 0 2 64 1024 32 16 32 16 8 2 8 4 4 0 4 2 0
A 2 3 0
D 9708 0 2 64 1024 32 16 32 16 8 4 8 4 4 0 4 2 0
A 2 3 3
D 9720 0 2 64 1024 32 16 32 16 8 0 4 8 8 0 0 4 4
A 2 3 0
D 9736 0 2 64 1024 32 16 32 16 16 2 4 8 4 0 0 4 0
A 2 3 1
D 9768 0 2 64 1024 32 16 32 32 0 2 4 8 4 2 4 0 0
A 2 3 2
D 9832 0 2 64 1024 32 16 64 0 0 2 4 8 4 2 4 2 0
A 4 1 2
D 9972 0 2 128 1024 32 16 8 4 4 4 0 8 0 0 0 2 0
A 2 2 1
D 9980 0 2 128 1024 32 16 8 8 0 4 2 8 0 2 0 0 0
A 2 3 1
D 10000 0 2 128 1024 32 16 8 16 0 4 4 0 0 2 0 0 0
A 2 2 2
D 10008 0 2 128 1024 32 16 8 16 0 8 2 0 0 2 0 0 0
A 2 3 3
D 10012 0 2 128 1024 32 0 16 8 16 0 0 8 2 0 0 0 4
A 2 3 1
D 10028 0 2 128 1024 32 0 16 16 16 0 2 0 2 0 0 0 4
A 2 2 2
D 10064 0 2 128 1024 32 0 0 16 32 0 0 2 4 0 0 0 4
A 2 3 0
D 10140 0 4 128 1024 64 0 0 16 8 0 0 2 0 0 0 0 0
A 2 1 1
D 10140 0 4 128 1024 64 2 16 8 0 2 0 0 0 0 0 0 0
A 2 2 2
D 10144 0 4 128 1024 64 4 16 8 0 0 0 2 0 0 0 0 0
A 2 3 3
D 10152 0 8 128 1024 64 0 16 8 2 0 0 2 0 0 0 0 0
A 2 3 2
D 10152 0 8 128 1024 64 0 16 8 2 0 0 0 2 0 0 0 2
A 2 1 0
D 10156 0 8 128 1024 64 2 16 8 4 0 0 0 2 0 0 0 0
A 4 2 0
D 10156 0 8 128 1024 64 2 16 8 4 4 2 0 0 0 0 0 0
A 2 3 3
D 10156 0 8 128 1024 64 2 16 8 4 4 2 0 2 0 0 0 0
A 2 3 1
D 10160 0 8 128 1024 64 2 16 8 4 0 0 4 4 0 0 0 2
A 2 3 1
D 10168 0 8 128 1024 64 2 16 8 8 0 2 4 2 0 0 0 0
A 2 2 0
D 10188 0 8 128 1024 64 2 16 16 0 4 4 2 0 0 0 0 0
A 2 3 1
D 10228 0 8 128 1024 64 2 32 0 0 8 2 0 0 2 0 0 0
A 2 3 1
D 10232 0 8 128 1024 64 2 32 0 0 8 4 0 0 2 0 0 0
A 2 3 2
D 10232 0 8 128 1024 64 2 32 2 0 8 4 0 0 2 0 0 0
A 2 3 3
D 10232 0 8 128 1024 64 2 32 2 2 8 4 0 0 2 0 0 0
A 2 3 1
D 10240 0 8 128 1024 64 0 2 32 4 0 0 8 4 0 0 0 4
A 2 3 0
D 10248 0 8 128 1024 64 2 2 32 8 0 0 8 4 0 0 0 0
A 2 3 3
D 10252 0 8 128 1024 64 4 32 8 0 8 4 0 0 2 0 0 0
A 2 3 2
D 10252 0 8 128 1024 64 4 32 8 0 8 4 2 0 2 0 0 0
A 2 2 3
D 10256 0 8 128 1024 64 4 32 8 0 8 4 4 0 2 0 0 0
A 2 1 3
D 10264 0 8 128 1024 64 4 32 8 2 8 8 0 0 2 0 0 0
A 2 2 2
D 10280 0 8 128 1024 64 4 32 8 2 16 2 0 0 2 0 0 0
A 2 3 1
D 10284 0 8 128 1024 64 4 32 8 2 16 4 0 0 2 0 0 0
A 2 3 1
D 10288 0 8 128 1024 64 4 32 8 2 0 0 16 4 0 0 0 4
A 2 3 2
D 10296 0 8 128 1024 64 4 32 8 2 0 0 16 8 0 0 2 0
A 2 2 0
D 10296 0 8 128 1024 64 4 32 8 2 2 16 8 0 2 0 0 0
A 2 3 1
D 10316 0 8 128 1024 64 4 32 16 2 4 16 0 0 0 2 0 0
A 2 3 0
D 10324 0 8 128 1024 64 8 32 16 2 2 16 0 0 0 2 0 0
A 2 3 2
D 10340 0 16 128 1024 64 2 32 16 2 0 16 2 0 0 2 0 0
A 2 3 2
D 10344 0 16 128 1024 64 2 32 16 2 0 0 16 2 0 0 0 4
A 2 3 2
D 10380 0 16 128 1024 64 2 32 32 4 0 0 2 4 0 0 0 0
A 2 3 0
D 10444 0 16 128 1024 64 2 64 4 0 2 4 0 0 2 0 0 0
A 2 3 2
D 10448 0 16 128 1024 64 4 64 4 0 2 4 2 0 0 0 0 0
A 2 2 3
D 10452 0 16 128 1024 64 4 64 4 0 2 4 4 0 0 0 0 0
A 2 3 0
D 10464 0 16 128 1024 64 4 64 8 0 4 4 0 0 0 0 0 0
A 2 3 0
D 10472 0 16 128 1024 64 8 64 8 0 2 4 0 0 0 0 0 0
A 2 1 3
D 10472 0 16 128 1024 64 8 64 8 2 0 0 2 4 0 0 0 0
A 4 2 1
D 10472 0 16 128 1024 64 8 64 8 2 4 2 4 0 0 0 0 0
A 2 2 3
D 10476 0 16 128 1024 64 8 64 8 4 4 2 4 0 0 0 0 0
A 2 3 3
D 10476 0 16 128 1024 64 8 64 8 4 0 4 2 4 0 0 0 2
A 2 2 0
D 10484 0 16 128 1024 64 8 64 8 8 2 4 2 2 0 0 0 0
A 2 3 1
D 10504 0 16 128 1024 64 8 64 16 0 2 4 4 0 2 0 0 0
A 4 2 3
D 10512 0 16 128 1024 64 0 8 64 16 0 2 4 8 0 0 0 2
A 2 2 0
D 10512 0 16 128 1024 64 2 8 64 16 0 2 4 8 0 0 0 2
A 2 3 0
D 10516 0 16 128 1024 64 2 8 64 16 2 4 8 0 4 0 0 0
A 2 3 3
D 10520 0 16 128 1024 64 4 8 64 16 4 4 8 2 0 0 0 0
A 2 3 3
D 10532 0 16 128 1024 64 8 8 64 16 0 4 8 4 0 0 0 0
A 2 2 0
D 10548 0 16 128 1024 64 16 64 16 0 2 4 8 4 0 0 0 0
A 2 3 0
D 10584 0 32 128 1024 64 4 64 16 4 0 4 8 0 0 0 0 0
A 2 3 2
D 10584 0 32 128 1024 64 4 64 16 4 4 8 0 0 2 0 0 0
A 2 2 2
D 10592 0 32 128 1024 64 8 64 16 4 2 8 2 0 0 0 0 0
A 2 3 3
D 10592 0 32 128 1024 64 8 64 16 4 2 8 2 2 0 0 0 0
A 2 3 3
D 10596 0 32 128 1024 64 8 64 16 4 0 2 8 4 0 0 0 2
A 2 3 1
D 10608 0 32 128 1024 64 8 64 16 8 0 4 8 2 0 0 0 0
A 2 2 0
D 10608 0 0 0 0 0 32 128 1024 64 8 64 16 8 2 4 8 2
A 4 0 0
D 10608 0 4 128 1024 64 32 64 16 8 8 4 8 2 2 0 0 0
A 2 3 1
D 10612 0 4 128 1024 64 32 64 16 8 8 4 8 2 0 0 0 4
A 2 3 1
D 10612 0 4 128 1024 64 32 64 16 8 8 4 8 2 2 4 0 0
A 2 3 2
D 10612 0 4 128 1024 64 32 64 16 8 8 4 8 2 0 2 4 2
A 2 3 0
D 10616 0 4 128 1024 64 32 64 16 8 8 4 8 4 2 2 4 0
A 2 3 3
D 10620 0 4 128 1024 64 32 64 16 8 8 4 8 4 0 4 4 2
A 2 3 0
D 10628 0 4 128 1024 64 32 64 16 8 8 8 8 4 2 0 4 2
A 2 3 1
D 10648 0 4 128 1024 64 32 64 16 8 0 8 16 4 0 4 4 2
A 2 3 0
D 10680 0 4 128 1024 64 32 64 32 8 2 8 4 4 0 4 0 2
A 2 3 2
D 10692 0 4 128 1024 64 32 64 32 8 0 2 8 8 0 0 4 4
A 2 3 0
D 10708 0 4 128 1024 64 32 64 32 16 2 2 8 4 0 0 4 0
A 2 3 0
D 10712 0 4 128 1024 64 32 64 32 16 0 4 8 4 0 0 2 4
A 2 2 0
D 10720 0 4 128 1024 64 32 64 32 16 2 4 8 8 0 0 2 0
A 2 3 1
D 10740 0 4 128 1024 64 32 64 32 16 0 2 4 16 0 0 0 4
A 2 3 2
D 10772 0 4 128 1024 64 32 64 32 32 0 2 4 4 0 0 2 0
A 2 3 1
D 10848 0 4 128 1024 64 32 64 64 0 2 8 0 0 4 0 0 0
A 4 2 2
D 10976 0 4 128 1024 64 32 128 0 0 2 8 4 0 4 0 0 0
A 2 1 3
D 11232 0 4 256 1024 64 32 8 4 2 2 0 0 0 4 0 0 0
A 2 3 2
D 11232 0 4 256 1024 64 32 8 4 2 0 0 0 2 0 0 4 2
A 2 3 0
D 11244 0 4 256 1024 64 32 8 8 4 2 0 0 2 0 0 0 0
A 2 2 2
D 11264 0 4 256 1024 64 32 16 4 0 4 2 0 0 0 0 0 0
A 4 3 0
D 11272 0 4 256 1024 64 32 16 4 0 8 2 0 0 0 0 0 0
A 2 3 0
D 11272 0 4 256 1024 64 0 32 16 4 0 0 8 2 0 0 0 2
A 2 2 1
D 11276 0 4 256 1024 64 0 32 16 4 0 2 8 4 0 0 0 0
A 2 3 2
D 11284 0 4 256 1024 64 0 32 16 8 0 2 8 0 0 0 2 0
A 2 3 3
D 11288 0 4 256 1024 64 0 32 16 8 0 0 2 8 0 0 0 4
A 2 2 0
D 11304 0 4 256 1024 64 2 32 16 16 0 0 2 4 0 0 0 0
A 2 3 2
D 11336 0 4 256 1024 64 0 2 32 32 0 0 2 4 0 0 0 2
A 2 3 2
D 11404 0 4 256 1024 64 0 0 2 64 0 0 2 4 0 0 0 4
A 2 3 1
D 11544 0 4 256 1024 128 0 2 4 8 0 0 0 0 0 0 0 0
A 2 2 2
D 11544 0 4 256 1024 128 2 4 8 0 2 0 0 0 0 0 0 0
A 2 2 2
D 11548 0 4 256 1024 128 4 4 8 0 0 0 2 0 0 0 0 0
A 2 3 1
D 11556 0 4 256 1024 128 8 8 0 0 2 0 0 0 2 0 0 0
A 2 3 1
D 11576 0 4 256 1024 128 16 0 0 0 2 0 0 0 4 0 0 0
A 2 3 1
D 11576 0 4 256 1024 128 16 2 0 0 2 0 0 0 4 0 0 0
A 2 3 1
D 11580 0 4 256 1024 128 16 4 0 0 2 0 0 0 4 0 0 0
A 2 1 2
D 11580 0 4 256 1024 128 0 16 4 2 0 0 0 2 0 0 0 4
A 4 3 0
D 11592 0 8 256 1024 128 0 16 4 4 0 0 0 4 0 0 0 0
A 2 3 0
D 11600 0 8 256 1024 128 2 16 4 8 0 0 0 0 0 0 0 0
A 2 2 1
D 11600 0 8 256 1024 128 2 16 4 8 2 0 0 0 0 0 0 0
A 2 3 0
D 11604 0 8 256 1024 128 4 16 4 8 2 0 0 0 0 0 0 0
A 2 2 3
D 11608 0 8 256 1024 128 4 16 4 8 4 0 0 0 0 0 0 0
A 2 3 2
D 11616 0 8 256 1024 128 8 16 4 8 0 0 2 0 0 0 0 0
A 2 3 0
D 11616 0 8 256 1024 128 8 16 4 8 2 0 0 0 2 0 0 0
A 2 3 2
D 11636 0 16 256 1024 128 4 16 4 8 0 0 2 0 0 0 0 0
A 2 2 1
D 11640 0 16 256 1024 128 4 16 4 8 4 0 0 0 0 0 0 0
A 2 3 3
D 11648 0 16 256 1024 128 8 16 4 8 0 0 0 2 0 0 0 0
A 2 3 1
D 11648 0 16 256 1024 128 8 16 4 8 0 2 0 2 0 0 0 0
A 2 3 0
D 11652 0 16 256 1024 128 8 16 4 8 0 0 0 4 0 0 0 2
A 2 2 1
D 11652 0 16 256 1024 128 8 16 4 8 2 4 0 0 2 0 0 0
A 2 3 3
D 11656 0 16 256 1024 128 8 16 4 8 4 4 0 2 0 0 0 0
A 2 3 3
D 11664 0 16 256 1024 128 8 16 4 8 8 2 0 0 2 0 0 0
A 2 3 3
D 11680 0 16 256 1024 128 16 16 4 8 2 2 0 2 0 0 0 0
A 2 3 2
D 11716 0 16 256 1024 128 0 32 4 8 0 0 2 4 0 0 0 2
A 2 1 0
D 11716 0 16 256 1024 128 2 32 4 8 2 4 0 0 2 0 0 0
A 2 2 2
D 11720 0 16 256 1024 128 4 32 4 8 2 4 2 0 0 0 0 0
A 2 3 1
D 11720 0 16 256 1024 128 4 32 4 8 2 4 2 0 2 0 0 0
A 2 3 2
D 11728 0 16 256 1024 128 4 32 4 8 4 4 4 0 0 0 0 0
A 2 3 2
D 11744 0 16 256 1024 128 8 32 8 8 0 4 2 0 0 0 0 0
A 2 3 2
D 11760 0 16 256 1024 128 8 32 16 0 4 2 0 0 2 0 0 0
A 2 3 2
D 11760 0 16 256 1024 128 8 32 16 0 4 2 2 0 2 0 0 0
A 2 1 3
D 11764 0 16 256 1024 128 8 32 16 2 0 0 4 4 0 0 0 2
A 2 3 1
D 11764 0 16 256 1024 128 8 32 16 2 0 2 4 4 0 0 0 2
A 2 3 1
D 11776 0 16 256 1024 128 8 32 16 2 0 0 2 8 0 0 0 4
A 2 3 1
D 11776 0 16 256 1024 128 8 32 16 2 2 8 0 0 2 4 0 0
A 2 2 3
D 11784 0 16 256 1024 128 8 32 16 4 4 8 0 0 0 4 0 0
A 2 2 2
D 11784 0 16 256 1024 128 8 32 16 4 4 8 2 0 4 0 0 0
A 2 3 1
D 11792 0 16 256 1024 128 8 32 16 4 8 8 2 0 0 2 0 0
A 2 2 3
D 11808 0 16 256 1024 128 16 32 16 4 0 8 2 2 0 2 0 0
A 2 3 0
D 11816 0 16 256 1024 128 16 32 16 4 8 4 0 0 4 0 0 0
A 2 2 2
D 11816 0 16 256 1024 128 16 32 16 4 0 8 4 2 0 0 0 4
A 2 2 0
D 11816 0 16 256 1024 128 16 32 16 4 2 8 4 2 4 0 0 0
A 2 3 3
D 11852 0 32 256 1024 128 2 32 16 4 4 8 4 4 0 0 0 0
A 2 3 0
D 11860 0 32 256 1024 128 2 32 16 8 4 8 4 0 2 0 0 0
A 4 2 3
D 11868 0 32 256 1024 128 2 32 16 8 0 4 8 8 0 0 0 2
A 2 3 0
D 11888 0 32 256 1024 128 4 32 16 16 0 4 8 2 0 0 0 0
A 2 3 0
D 11920 0 32 256 1024 128 4 32 32 0 4 8 2 0 2 0 0 0
A 2 3 1
D 11988 0 32 256 1024 128 4 64 0 0 4 8 2 0 4 0 0 0
A 2 3 1
D 11996 0 32 256 1024 128 8 64 2 0 4 8 0 0 0 2 0 0
A 2 2 3
D 11996 0 32 256 1024 128 8 64 2 2 4 8 0 0 0 2 0 0
A 2 2 2
D 12000 0 32 256 1024 128 0 8 64 4 0 4 8 2 0 0 0 2
A 2 1 0
D 12004 0 32 256 1024 128 2 8 64 4 0 4 8 4 0 0 0 0
A 2 2 0
D 12016 0 32 256 1024 128 4 8 64 8 0 4 8 0 0 0 0 0
A 2 3 3
D 12016 0 32 256 1024 128 4 8 64 8 0 0 4 8 0 0 0 2
A 2 3 1
D 12032 0 32 256 1024 128 4 8 64 16 0 2 4 2 0 0 0 0
A 2 3 1
D 12036 0 32 256 1024 128 4 8 64 16 0 4 4 2 0 0 0 0
A 2 3 0
D 12044 0 32 256 1024 128 4 8 64 16 8 2 0 0 2 0 0 0
A 2 3 3
D 12044 0 32 256 1024 128 4 8 64 16 8 2 0 2 2 0 0 0
A 2 3 3
D 12048 0 32 256 1024 128 4 8 64 16 8 2 0 4 2 0 0 0
A 2 3 3
D 12052 0 32 256 1024 128 4 8 64 16 8 2 4 0 4 0 0 0
A 2 2 3
D 12052 0 32 0 0 0 4 256 1024 128 8 8 64 16 4 2 4 2
A 2 0 2
D 12068 0 0 0 32 2 4 256 1024 128 0 16 64 16 4 2 4 2
A 2 2 0
D 12068 0 32 2 0 0 4 256 1024 128 2 16 64 16 4 2 4 2
A 2 0 3
D 12068 0 32 2 1024 2 4 256 64 128 2 16 4 16 4 2 0 2
A 2 3 2
D 12072 0 32 2 1024 2 4 256 64 128 2 16 4 16 4 4 2 0
A 2 3 3
D 12084 0 32 2 1024 2 4 256 64 128 2 16 4 16 8 4 0 0
A 2 3 2
D 12084 0 32 2 1024 2 4 256 64 128 2 16 4 16 0 8 4 2
A 2 3 0
D 12096 0 32 2 1024 2 4 256 64 128 4 16 8 16 0 8 0 2
A 2 3 2
D 12104 0 32 2 1024 2 8 256 64 128 0 16 8 16 0 8 2 2
A 2 3 0
D 12104 0 32 2 1024 2 8 256 64 128 2 16 8 16 0 8 2 2
A 4 3 0
D 12108 0 32 2 1024 2 8 256 64 128 2 16 8 16 4 8 4 0
A 2 3 3
E 12108 12108
C
A 4 2 1
A 2 3 0
D 0 12108 2 4 0 0 0 0 0 0 0 0 0 0 0 0 0 0
A 2 1 1
D 0 12108 2 4 0 0 2 0 0 0 0 0 0 0 0 0 0 0
A 2 2 0
D 4 12108 4 4 0 0 2 0 0 0 0 0 0 0 0 0 0 0
A 2 2 2
D 12 12108 8 0 0 0 2 0 0 0 2 0 0 0 0 0 0 0
A 2 1 3
D 16 12108 8 0 0 2 4 0 0 0 0 0 0 0 0 0 0 0
A 2 2 2
D 16 12108 8 0 2 2 4 0 0 0 0 0 0 0 0 0 0 0
A 2 2 2
D 20 12108 0 0 8 4 0 0 0 4 0 0 0 2 0 0 0 0
A 2 3 3
D 32 12108 0 0 8 8 0 0 0 4 0 0 0 0 0 0 0 0
A 4 2 3
D 48 12108 16 0 0 0 4 0 0 0 4 0 0 0 0 0 0 0
A 2 0 1
D 56 12108 16 2 0 0 8 0 0 0 0 0 0 0 0 0 0 0
A 2 3 1
C
A 2 3 0
A 2 3 2
